-18 70 0.001 0.0
-18 70 0.001 0.2
-18 70 0.001 0.4
-18 70 0.001 0.6
-18 70 0.005 0.0
-18 70 0.005 0.2
-18 70 0.005 0.4
-18 70 0.005 0.6
-18 70 0.01 0.0
-18 70 0.01 0.2
-18 70 0.01 0.4
-18 70 0.01 0.6
-18 70 0.05 0.0
-18 70 0.05 0.2
-18 70 0.05 0.4
-18 70 0.05 0.6
-18 70 0.1 0.0
-18 70 0.1 0.2
-18 70 0.1 0.4
-18 70 0.1 0.6
-18 70 0.2 0.0
-18 70 0.2 0.2
-18 70 0.2 0.4
-18 70 0.2 0.6
-18 70 0.4 0.0
-18 70 0.4 0.2
-18 70 0.4 0.4
-18 70 0.4 0.6
-18 70 0.6 0.0
-18 70 0.6 0.2
-18 70 0.6 0.4
-18 70 0.6 0.6
-18 70 0.8 0.0
-18 70 0.8 0.2
-18 70 0.8 0.4
-18 70 0.8 0.6
-18 70 1 0.0
-18 70 1 0.2
-18 70 1 0.4
-18 70 1 0.6
-18 70 1.5 0.0
-18 70 1.5 0.2
-18 70 1.5 0.4
-18 70 1.5 0.6
-18 70 2 0.0
-18 70 2 0.2
-18 70 2 0.4
-18 70 2 0.6
-18 70 2.5 0.0
-18 70 2.5 0.2
-18 70 2.5 0.4
-18 70 2.5 0.6
-18 70 3 0.0
-18 70 3 0.2
-18 70 3 0.4
-18 70 3 0.6
-18 70 3.5 0.0
-18 70 3.5 0.2
-18 70 3.5 0.4
-18 70 3.5 0.6
-18 70 4 0.0
-18 70 4 0.2
-18 70 4 0.4
-18 70 4 0.6
-18 70 4.5 0.0
-18 70 4.5 0.2
-18 70 4.5 0.4
-18 70 4.5 0.6
-18 70 5 0.0
-18 70 5 0.2
-18 70 5 0.4
-18 70 5 0.6
-12 70 0.001 0.0
-12 70 0.001 0.2
-12 70 0.001 0.4
-12 70 0.001 0.6
-12 70 0.005 0.0
-12 70 0.005 0.2
-12 70 0.005 0.4
-12 70 0.005 0.6
-12 70 0.01 0.0
-12 70 0.01 0.2
-12 70 0.01 0.4
-12 70 0.01 0.6
-12 70 0.05 0.0
-12 70 0.05 0.2
-12 70 0.05 0.4
-12 70 0.05 0.6
-12 70 0.1 0.0
-12 70 0.1 0.2
-12 70 0.1 0.4
-12 70 0.1 0.6
-12 70 0.2 0.0
-12 70 0.2 0.2
-12 70 0.2 0.4
-12 70 0.2 0.6
-12 70 0.4 0.0
-12 70 0.4 0.2
-12 70 0.4 0.4
-12 70 0.4 0.6
-12 70 0.6 0.0
-12 70 0.6 0.2
-12 70 0.6 0.4
-12 70 0.6 0.6
-12 70 0.8 0.0
-12 70 0.8 0.2
-12 70 0.8 0.4
-12 70 0.8 0.6
-12 70 1 0.0
-12 70 1 0.2
-12 70 1 0.4
-12 70 1 0.6
-12 70 1.5 0.0
-12 70 1.5 0.2
-12 70 1.5 0.4
-12 70 1.5 0.6
-12 70 2 0.0
-12 70 2 0.2
-12 70 2 0.4
-12 70 2 0.6
-12 70 2.5 0.0
-12 70 2.5 0.2
-12 70 2.5 0.4
-12 70 2.5 0.6
-12 70 3 0.0
-12 70 3 0.2
-12 70 3 0.4
-12 70 3 0.6
-12 70 3.5 0.0
-12 70 3.5 0.2
-12 70 3.5 0.4
-12 70 3.5 0.6
-12 70 4 0.0
-12 70 4 0.2
-12 70 4 0.4
-12 70 4 0.6
-12 70 4.5 0.0
-12 70 4.5 0.2
-12 70 4.5 0.4
-12 70 4.5 0.6
-12 70 5 0.0
-12 70 5 0.2
-12 70 5 0.4
-12 70 5 0.6
-6 70 0.001 0.0
-6 70 0.001 0.2
-6 70 0.001 0.4
-6 70 0.001 0.6
-6 70 0.005 0.0
-6 70 0.005 0.2
-6 70 0.005 0.4
-6 70 0.005 0.6
-6 70 0.01 0.0
-6 70 0.01 0.2
-6 70 0.01 0.4
-6 70 0.01 0.6
-6 70 0.05 0.0
-6 70 0.05 0.2
-6 70 0.05 0.4
-6 70 0.05 0.6
-6 70 0.1 0.0
-6 70 0.1 0.2
-6 70 0.1 0.4
-6 70 0.1 0.6
-6 70 0.2 0.0
-6 70 0.2 0.2
-6 70 0.2 0.4
-6 70 0.2 0.6
-6 70 0.4 0.0
-6 70 0.4 0.2
-6 70 0.4 0.4
-6 70 0.4 0.6
-6 70 0.6 0.0
-6 70 0.6 0.2
-6 70 0.6 0.4
-6 70 0.6 0.6
-6 70 0.8 0.0
-6 70 0.8 0.2
-6 70 0.8 0.4
-6 70 0.8 0.6
-6 70 1 0.0
-6 70 1 0.2
-6 70 1 0.4
-6 70 1 0.6
-6 70 1.5 0.0
-6 70 1.5 0.2
-6 70 1.5 0.4
-6 70 1.5 0.6
-6 70 2 0.0
-6 70 2 0.2
-6 70 2 0.4
-6 70 2 0.6
-6 70 2.5 0.0
-6 70 2.5 0.2
-6 70 2.5 0.4
-6 70 2.5 0.6
-6 70 3 0.0
-6 70 3 0.2
-6 70 3 0.4
-6 70 3 0.6
-6 70 3.5 0.0
-6 70 3.5 0.2
-6 70 3.5 0.4
-6 70 3.5 0.6
-6 70 4 0.0
-6 70 4 0.2
-6 70 4 0.4
-6 70 4 0.6
-6 70 4.5 0.0
-6 70 4.5 0.2
-6 70 4.5 0.4
-6 70 4.5 0.6
-6 70 5 0.0
-6 70 5 0.2
-6 70 5 0.4
-6 70 5 0.6
0 30 0.001 0.0
0 30 0.001 0.2
0 30 0.001 0.4
0 30 0.001 0.6
0 30 0.005 0.0
0 30 0.005 0.2
0 30 0.005 0.4
0 30 0.005 0.6
0 30 0.01 0.0
0 30 0.01 0.2
0 30 0.01 0.4
0 30 0.01 0.6
0 30 0.05 0.0
0 30 0.05 0.2
0 30 0.05 0.4
0 30 0.05 0.6
0 30 0.1 0.0
0 30 0.1 0.2
0 30 0.1 0.4
0 30 0.1 0.6
0 30 0.2 0.0
0 30 0.2 0.2
0 30 0.2 0.4
0 30 0.2 0.6
0 30 0.4 0.0
0 30 0.4 0.2
0 30 0.4 0.4
0 30 0.4 0.6
0 30 0.6 0.0
0 30 0.6 0.2
0 30 0.6 0.4
0 30 0.6 0.6
0 30 0.8 0.0
0 30 0.8 0.2
0 30 0.8 0.4
0 30 0.8 0.6
0 30 1 0.0
0 30 1 0.2
0 30 1 0.4
0 30 1 0.6
0 30 1.5 0.0
0 30 1.5 0.2
0 30 1.5 0.4
0 30 1.5 0.6
0 30 2 0.0
0 30 2 0.2
0 30 2 0.4
0 30 2 0.6
0 30 2.5 0.0
0 30 2.5 0.2
0 30 2.5 0.4
0 30 2.5 0.6
0 30 3 0.0
0 30 3 0.2
0 30 3 0.4
0 30 3 0.6
0 30 3.5 0.0
0 30 3.5 0.2
0 30 3.5 0.4
0 30 3.5 0.6
0 30 4 0.0
0 30 4 0.2
0 30 4 0.4
0 30 4 0.6
0 30 4.5 0.0
0 30 4.5 0.2
0 30 4.5 0.4
0 30 4.5 0.6
0 30 5 0.0
0 30 5 0.2
0 30 5 0.4
0 30 5 0.6
6 20 0.001 0.0
6 20 0.001 0.2
6 20 0.001 0.4
6 20 0.001 0.6
6 20 0.005 0.0
6 20 0.005 0.2
6 20 0.005 0.4
6 20 0.005 0.6
6 20 0.01 0.0
6 20 0.01 0.2
6 20 0.01 0.4
6 20 0.01 0.6
6 20 0.05 0.0
6 20 0.05 0.2
6 20 0.05 0.4
6 20 0.05 0.6
6 20 0.1 0.0
6 20 0.1 0.2
6 20 0.1 0.4
6 20 0.1 0.6
6 20 0.2 0.0
6 20 0.2 0.2
6 20 0.2 0.4
6 20 0.2 0.6
6 20 0.4 0.0
6 20 0.4 0.2
6 20 0.4 0.4
6 20 0.4 0.6
6 20 0.6 0.0
6 20 0.6 0.2
6 20 0.6 0.4
6 20 0.6 0.6
6 20 0.8 0.0
6 20 0.8 0.2
6 20 0.8 0.4
6 20 0.8 0.6
6 20 1 0.0
6 20 1 0.2
6 20 1 0.4
6 20 1 0.6
6 20 1.5 0.0
6 20 1.5 0.2
6 20 1.5 0.4
6 20 1.5 0.6
6 20 2 0.0
6 20 2 0.2
6 20 2 0.4
6 20 2 0.6
6 20 2.5 0.0
6 20 2.5 0.2
6 20 2.5 0.4
6 20 2.5 0.6
6 20 3 0.0
6 20 3 0.2
6 20 3 0.4
6 20 3 0.6
6 20 3.5 0.0
6 20 3.5 0.2
6 20 3.5 0.4
6 20 3.5 0.6
6 20 4 0.0
6 20 4 0.2
6 20 4 0.4
6 20 4 0.6
6 20 4.5 0.0
6 20 4.5 0.2
6 20 4.5 0.4
6 20 4.5 0.6
6 20 5 0.0
6 20 5 0.2
6 20 5 0.4
6 20 5 0.6
12 2 0.001 0.0
12 2 0.001 0.2
12 2 0.001 0.4
12 2 0.001 0.6
12 2 0.005 0.0
12 2 0.005 0.2
12 2 0.005 0.4
12 2 0.005 0.6
12 2 0.01 0.0
12 2 0.01 0.2
12 2 0.01 0.4
12 2 0.01 0.6
12 2 0.05 0.0
12 2 0.05 0.2
12 2 0.05 0.4
12 2 0.05 0.6
12 2 0.1 0.0
12 2 0.1 0.2
12 2 0.1 0.4
12 2 0.1 0.6
12 2 0.2 0.0
12 2 0.2 0.2
12 2 0.2 0.4
12 2 0.2 0.6
12 2 0.4 0.0
12 2 0.4 0.2
12 2 0.4 0.4
12 2 0.4 0.6
12 2 0.6 0.0
12 2 0.6 0.2
12 2 0.6 0.4
12 2 0.6 0.6
12 2 0.8 0.0
12 2 0.8 0.2
12 2 0.8 0.4
12 2 0.8 0.6
12 2 1 0.0
12 2 1 0.2
12 2 1 0.4
12 2 1 0.6
12 2 1.5 0.0
12 2 1.5 0.2
12 2 1.5 0.4
12 2 1.5 0.6
12 2 2 0.0
12 2 2 0.2
12 2 2 0.4
12 2 2 0.6
12 2 2.5 0.0
12 2 2.5 0.2
12 2 2.5 0.4
12 2 2.5 0.6
12 2 3 0.0
12 2 3 0.2
12 2 3 0.4
12 2 3 0.6
12 2 3.5 0.0
12 2 3.5 0.2
12 2 3.5 0.4
12 2 3.5 0.6
12 2 4 0.0
12 2 4 0.2
12 2 4 0.4
12 2 4 0.6
12 2 4.5 0.0
12 2 4.5 0.2
12 2 4.5 0.4
12 2 4.5 0.6
12 2 5 0.0
12 2 5 0.2
12 2 5 0.4
12 2 5 0.6
18 0.5 0.001 0.0
18 0.5 0.001 0.2
18 0.5 0.001 0.4
18 0.5 0.001 0.6
18 0.5 0.005 0.0
18 0.5 0.005 0.2
18 0.5 0.005 0.4
18 0.5 0.005 0.6
18 0.5 0.01 0.0
18 0.5 0.01 0.2
18 0.5 0.01 0.4
18 0.5 0.01 0.6
18 0.5 0.05 0.0
18 0.5 0.05 0.2
18 0.5 0.05 0.4
18 0.5 0.05 0.6
18 0.5 0.1 0.0
18 0.5 0.1 0.2
18 0.5 0.1 0.4
18 0.5 0.1 0.6
18 0.5 0.2 0.0
18 0.5 0.2 0.2
18 0.5 0.2 0.4
18 0.5 0.2 0.6
18 0.5 0.4 0.0
18 0.5 0.4 0.2
18 0.5 0.4 0.4
18 0.5 0.4 0.6
18 0.5 0.6 0.0
18 0.5 0.6 0.2
18 0.5 0.6 0.4
18 0.5 0.6 0.6
18 0.5 0.8 0.0
18 0.5 0.8 0.2
18 0.5 0.8 0.4
18 0.5 0.8 0.6
18 0.5 1 0.0
18 0.5 1 0.2
18 0.5 1 0.4
18 0.5 1 0.6
18 0.5 1.5 0.0
18 0.5 1.5 0.2
18 0.5 1.5 0.4
18 0.5 1.5 0.6
18 0.5 2 0.0
18 0.5 2 0.2
18 0.5 2 0.4
18 0.5 2 0.6
18 0.5 2.5 0.0
18 0.5 2.5 0.2
18 0.5 2.5 0.4
18 0.5 2.5 0.6
18 0.5 3 0.0
18 0.5 3 0.2
18 0.5 3 0.4
18 0.5 3 0.6
18 0.5 3.5 0.0
18 0.5 3.5 0.2
18 0.5 3.5 0.4
18 0.5 3.5 0.6
18 0.5 4 0.0
18 0.5 4 0.2
18 0.5 4 0.4
18 0.5 4 0.6
18 0.5 4.5 0.0
18 0.5 4.5 0.2
18 0.5 4.5 0.4
18 0.5 4.5 0.6
18 0.5 5 0.0
18 0.5 5 0.2
18 0.5 5 0.4
18 0.5 5 0.6
